SHEET 0 0 5.57538161597974 5.5753816159797394
HOLE 0.6690457939175688 0.66904579391756869 1.5611068524743272 0.66904579391756869 1.5611068524743272 1.561106852474327 0.6690457939175688 1.561106852474327 0.6690457939175688 0.66904579391756869
PART 0 0 1.1496165513992311 0 1.1496165513992311 0.31732843518257142 0 0.31732843518257142 0 0
PART 2.2922493969154361 0 2.2922493969154361 0.3250617802143097 1.14962 0.3250617802143097 1.14962 0 2.2922493969154361 0
PART 2.29225 0 3.377439461708069 0 3.377439461708069 1.1367880821228029 2.29225 1.1367880821228029 2.29225 0
PART 3.37744 0 4.50369150680542 0 4.50369150680542 0.3569364011287689 3.37744 0.3569364011287689 3.37744 0
PART 4.9634936229610451 0 4.9634936229610451 1.1204385697841643 4.7335918114805224 1.1204385697841643 4.7335918114805224 0.56021928489208217 4.5036900000000006 0.56021928489208217 4.5036900000000006 0 4.9634936229610451 0
PART 4.96349 0 5.367492678394318 0 5.367492678394318 1.1188494682312013 4.96349 1.1188494682312013 4.96349 0
PART 3.37744 0.35694 4.4217015270614626 0.35694 4.4217015270614626 1.46586368555069 3.37744 1.46586368555069 3.37744 0.35694
PART 0 0.31733 0.50582630634307857 0.31733 0.50582630634307857 1.4251403542327883 0 1.4251403542327883 0 0.31733
PART 4.4216999999999995 1.12044 5.4600830904960631 1.12044 5.4600830904960631 2.2219493088150024 4.4216999999999995 2.2219493088150024 4.4216999999999995 1.12044
PART 1.5611100000000002 1.13679 2.3114709418869022 1.13679 2.3114709418869022 2.2190660462760925 1.5611100000000002 2.2190660462760925 1.5611100000000002 1.13679
PART 3.0584380547714236 1.13679 3.0584380547714236 2.2068895147228242 2.3114700000000004 2.2068895147228242 2.3114700000000004 1.13679 3.0584380547714236 1.13679
PART 1.546275441007614 0.32506 1.546275441007614 0.58893833952903751 0.50583 0.58893833952903751 0.50583 0.32506 1.546275441007614 0.32506
PART 0 1.42514 0.40078601241111755 1.42514 0.40078601241111755 2.4558307296180724 0 2.4558307296180724 0 1.42514
PART 3.05844 1.4658600000000002 4.0865702392482763 1.4658600000000002 4.0865702392482763 2.2052663711166383 3.05844 2.2052663711166383 3.05844 1.4658600000000002
PART 0.40079000000000004 1.5611100000000002 1.4269732773685455 1.5611100000000002 1.4269732773685455 2.467975638494492 0.40079000000000004 2.467975638494492 0.40079000000000004 1.5611100000000002
PART 4.0821806969070433 2.20527 4.0821806969070433 2.9047677295398713 3.05844 2.9047677295398713 3.05844 2.20527 4.0821806969070433 2.20527
PART 1.42697 2.2190700000000003 2.431045223207474 2.2190700000000003 2.431045223207474 2.8556948726844791 1.42697 2.8556948726844791 1.42697 2.2190700000000003
PART 5.0851393169689185 2.22195 5.0851393169689185 2.7793488020420076 4.08218 2.7793488020420076 4.08218 2.22195 5.0851393169689185 2.22195
PART 0.3901823818683624 2.4558299999999997 0.3901823818683624 3.4326026957798 0 3.4326026957798 0 2.4558299999999997 0.3901823818683624 2.4558299999999997
PART 0.39018 2.46798 1.15569815867424 2.46798 1.15569815867424 2.9551599975633618 0.77293907933712 2.9551599975633618 0.77293907933712 3.4423399951267242 0.39018 3.4423399951267242 0.39018 2.46798
PART 1.1557 2.85569 2.1231074411392212 2.85569 2.1231074411392212 3.4774810766601565 1.1557 3.4774810766601565 1.1557 2.85569
PART 0 3.44234 0.65075083374977116 3.44234 0.65075083374977116 4.4030907348060611 0 4.4030907348060611 0 3.44234
PART 0.65075 3.47748 1.4985310800075533 3.47748 1.4985310800075533 4.4374843296813964 0.65075 4.4374843296813964 0.65075 3.47748
PART 1.49853 3.47748 2.3865404064941407 3.47748 2.3865404064941407 3.9558069107341765 1.9425352032470702 3.9558069107341765 1.9425352032470702 4.434133821468353 1.49853 4.434133821468353 1.49853 3.47748
PART 1.94254 3.95581 2.2754347424888612 3.95581 2.2754347424888612 4.9090450778579715 1.94254 4.9090450778579715 1.94254 3.95581
PART 5.5608830367469793 3.0030293218421935 4.60939 3.0030293218421935 4.60939 2.7793546609210966 5.0851365183734893 2.7793546609210966 5.0851365183734893 2.5556799999999997 5.5608830367469793 2.5556799999999997 5.5608830367469793 3.0030293218421935
PART 0 4.4374800000000008 0.67918863296508791 4.4374800000000008 0.67918863296508791 5.3810795638370523 0 5.3810795638370523 0 4.4374800000000008
PART 0.67919000000000007 4.4374800000000008 1.3060847839736938 4.4374800000000008 1.3060847839736938 4.9081547293472294 0.992637391986847 4.9081547293472294 0.992637391986847 5.3788294586944589 0.67919000000000007 5.3788294586944589 0.67919000000000007 4.4374800000000008
PART 1.3060800000000001 5.3655063265228273 1.3060800000000001 4.45259 1.7206954075860978 4.45259 1.7206954075860978 4.9090481632614136 2.1353108151721956 4.9090481632614136 2.1353108151721956 5.3655063265228273 1.3060800000000001 5.3655063265228273
PART 2.4310500000000004 2.20689 3.0266066048622138 2.20689 3.0266066048622138 2.63487675596714 2.7288283024311069 2.63487675596714 2.7288283024311069 3.0628635119342804 2.4310500000000004 3.0628635119342804 2.4310500000000004 2.20689
PART 1.5611100000000002 0.32506 2.0166336756801608 0.32506 2.0166336756801608 1.1088960905647278 1.5611100000000002 1.1088960905647278 1.5611100000000002 0.32506
PART 4.08657 1.4658600000000002 4.3993517690372466 1.4658600000000002 4.3993517690372466 1.7748397973632815 4.2429608845186237 1.7748397973632815 4.2429608845186237 2.0838195947265628 4.08657 2.0838195947265628 4.08657 1.4658600000000002
PART 2.01663 0.32506 2.2772828222560886 0.32506 2.2772828222560886 0.91834262805938727 2.01663 0.91834262805938727 2.01663 0.32506
PART 2.498913299856186 4.9090500000000006 2.498913299856186 5.4800782325744635 2.13531 5.4800782325744635 2.13531 4.9090500000000006 2.498913299856186 4.9090500000000006
PART 4.4216999999999995 0.56022 4.72321520371437 0.56022 4.72321520371437 0.80309597835063939 4.5724576018571845 0.80309597835063939 4.5724576018571845 1.0459719567012788 4.4216999999999995 1.0459719567012788 4.4216999999999995 0.56022
PART 5.5660768014335629 2.22195 5.5660768014335629 2.546096556854248 5.08514 2.546096556854248 5.08514 2.22195 5.5660768014335629 2.22195
PART 1.1334210476303102 2.95516 1.1334210476303102 3.3554260393714905 0.77294000000000007 3.3554260393714905 0.77294000000000007 2.95516 1.1334210476303102 2.95516
PART 3.05844 1.13679 3.3381645621681213 1.13679 3.3381645621681213 1.4632933602714537 3.05844 1.4632933602714537 3.05844 1.13679
