SHEET 0 0 5.57538161597974 5.5753816159797394
HOLE 0.6690457939175688 0.66904579391756869 1.5611068524743272 0.66904579391756869 1.5611068524743272 1.561106852474327 0.6690457939175688 1.561106852474327 0.6690457939175688 0.66904579391756869
PART 1.5611100000000002 0 2.6462994617080691 0 2.6462994617080691 1.1367880821228029 1.5611100000000002 1.1367880821228029 1.5611100000000002 0
PART 2.6463 0 3.6905615270614627 0 3.6905615270614627 1.1089236855506899 2.6463 1.1089236855506899 2.6463 0
PART 3.69056 0 4.7289430904960632 0 4.7289430904960632 1.1015093088150025 3.69056 1.1015093088150025 3.69056 0
PART 3.69056 1.10151 4.7167432773685452 1.10151 4.7167432773685452 2.0083756384944915 3.69056 2.0083756384944915 3.69056 1.10151
PART 3.6063043296813966 1.1089200000000001 3.6063043296813966 1.9567010800075533 2.6463 1.9567010800075533 2.6463 1.1089200000000001 3.6063043296813966 1.1089200000000001
PART 4.7289400000000006 0 5.4793009418869021 0 5.4793009418869021 1.0822760462760925 4.7289400000000006 1.0822760462760925 4.7289400000000006 0
PART 5.4759080547714243 1.08228 5.4759080547714243 2.1523795147228242 4.7289400000000006 2.1523795147228242 4.7289400000000006 1.08228 5.4759080547714243 1.08228
PART 1.5611100000000002 1.13679 2.4282128017997744 1.13679 2.4282128017997744 2.047392867603302 1.5611100000000002 2.047392867603302 1.5611100000000002 1.13679
PART 0 1.5611100000000002 1.0281302392482758 1.5611100000000002 1.0281302392482758 2.3005163711166383 0 2.3005163711166383 0 1.5611100000000002
PART 2.42821 1.9567 3.3539234675979612 1.9567 3.3539234675979612 2.7478764919757843 2.42821 2.7478764919757843 2.42821 1.9567
PART 3.35392 2.0083800000000003 4.1600946001243591 2.0083800000000003 4.1600946001243591 2.8985083323764806 3.35392 2.8985083323764806 3.35392 2.0083800000000003
PART 5.1838306969070436 2.0083800000000003 5.1838306969070436 2.7078777295398715 4.16009 2.7078777295398715 4.16009 2.0083800000000003 5.1838306969070436 2.0083800000000003
PART 1.0281300000000002 2.04739 1.8727019778537752 2.04739 1.8727019778537752 2.8640751580142974 1.0281300000000002 2.8640751580142974 1.0281300000000002 2.04739
PART 0 2.30052 0.73347654342651369 2.30052 0.73347654342651369 3.230373188991547 0 3.230373188991547 0 2.30052
PART 0.73348 2.86408 1.4126686329650879 2.86408 1.4126686329650879 3.8076795638370515 0.73348 3.8076795638370515 0.73348 2.86408
PART 0 0 1.0040752232074737 0 1.0040752232074737 0.63662487268447876 0 0.63662487268447876 0 0
PART 2.3167004064941406 3.3424038214683529 1.42869 3.3424038214683529 1.42869 2.8640769107341764 1.8726952032470705 2.8640769107341764 1.8726952032470705 2.38575 2.3167004064941406 2.38575 2.3167004064941406 3.3424038214683529
PART 0 3.2303699999999997 0.65075083374977116 3.2303699999999997 0.65075083374977116 4.19112073480606 0 4.19112073480606 0 3.2303699999999997
PART 1.41267 3.3424 2.3800774411392212 3.3424 2.3800774411392212 3.964191076660156 1.41267 3.964191076660156 1.41267 3.3424
PART 1.1072063265228271 4.6369108151721958 0.19429 4.6369108151721958 0.19429 4.2222954075860981 0.6507481632614136 4.2222954075860981 0.6507481632614136 3.8076800000000004 1.1072063265228271 3.8076800000000004 1.1072063265228271 4.6369108151721958
PART 1.10721 3.96419 1.6130363063430786 3.96419 1.6130363063430786 5.0720003542327881 1.10721 5.0720003542327881 1.10721 3.96419
PART 1.61304 3.96419 2.37855815867424 3.96419 2.37855815867424 4.4513699975633623 1.99579907933712 4.4513699975633623 1.99579907933712 4.9385499951267242 1.61304 4.9385499951267242 1.61304 3.96419
PART 1.0029593169689179 4.6369099999999994 1.0029593169689179 5.1943088020420074 0 5.1943088020420074 0 4.6369099999999994 1.0029593169689179 4.6369099999999994
PART 0.65266791582107553 0.63662 0.65266791582107553 1.4581295937252046 0 1.4581295937252046 0 0.63662 0.65266791582107553 0.63662
PART 5.5704059538745874 1.10151 5.5704059538745874 1.7264312145805358 4.71674 1.7264312145805358 4.71674 1.10151 5.5704059538745874 1.10151
PART 2.4028341887378692 5.36705984167099 1.61304 5.36705984167099 1.61304 4.938549920835495 2.0079370943689345 4.938549920835495 2.0079370943689345 4.51004 2.4028341887378692 4.51004 2.4028341887378692 5.36705984167099
PART 1.9958 4.45137 2.3998026783943178 4.45137 2.3998026783943178 5.5702194682312012 1.9958 5.5702194682312012 1.9958 4.45137
PART 4.16009 2.7078800000000003 5.28634150680542 2.7078800000000003 5.28634150680542 3.0648164011287693 4.16009 3.0648164011287693 4.16009 2.7078800000000003
PART 1.5631785697841645 5.5318036229610446 0.44274 5.5318036229610446 0.44274 5.3019018114805219 1.0029592848920821 5.3019018114805219 1.0029592848920821 5.072 1.5631785697841645 5.072 1.5631785697841645 5.5318036229610446
PART 1.547983374671936 0 1.547983374671936 0.590933495759964 1.00408 0.590933495759964 1.00408 0 1.547983374671936 0
PART 1.0281300000000002 1.5611100000000002 1.3522765568542483 1.5611100000000002 1.3522765568542483 2.0420468014335635 1.0281300000000002 2.0420468014335635 1.0281300000000002 1.5611100000000002
PART 5.28634 2.15238 5.5469928222560885 2.15238 5.5469928222560885 2.745662628059387 5.28634 2.745662628059387 5.28634 2.15238
PART 2.934659594726563 2.7478800000000003 2.934659594726563 3.0606617690372468 2.6256797973632819 3.0606617690372468 2.6256797973632819 2.9042708845186236 2.3167000000000004 2.9042708845186236 2.3167000000000004 2.7478800000000003 2.934659594726563 2.7478800000000003
PART 5.54431104763031 2.15238 5.54431104763031 2.5526460393714903 5.1838299999999995 2.5526460393714903 5.1838299999999995 2.15238 5.54431104763031 2.15238
PART 2.3584519567012787 2.04739 2.3584519567012787 2.3489052037143709 2.1155759783506394 2.3489052037143709 2.1155759783506394 2.1981476018571855 1.8727 2.1981476018571855 1.8727 2.04739 2.3584519567012787 2.04739
PART 0.73348 2.30052 1.0132045621681214 2.30052 1.0132045621681214 2.6270233602714539 0.73348 2.6270233602714539 0.73348 2.30052
