SHEET 0 0 5.57538161597974 5.5753816159797394
HOLE 0.6690457939175688 0.66904579391756869 1.5611068524743272 0.66904579391756869 1.5611068524743272 1.561106852474327 0.6690457939175688 1.561106852474327 0.6690457939175688 0.66904579391756869
HOLE 2.508921727190883 3.0664598887888568 5.57538161597974 3.0664598887888568 5.57538161597974 5.5753816159797394 2.508921727190883 5.5753816159797394 2.508921727190883 3.0664598887888568
PART 0 0 1.1496165513992311 0 1.1496165513992311 0.31732843518257142 0 0.31732843518257142 0 0
PART 1.5611100000000002 0 2.6462994617080691 0 2.6462994617080691 1.1367880821228029 1.5611100000000002 1.1367880821228029 1.5611100000000002 0
PART 2.6463 0 3.7163995147228244 0 3.7163995147228244 0.74696805477142336 2.6463 0.74696805477142336 2.6463 0
PART 3.7164 0 4.7606615270614627 0 4.7606615270614627 1.1089236855506899 3.7164 1.1089236855506899 3.7164 0
PART 5.5000663711166382 0 5.5000663711166382 1.0281302392482758 4.76066 1.0281302392482758 4.76066 0 5.5000663711166382 0
PART 0.63662487268447876 0.31733 0.63662487268447876 1.3214052232074738 0 1.3214052232074738 0 0.31733 0.63662487268447876 0.31733
PART 2.6463 0.74697 3.6230726957798005 0.74697 3.6230726957798005 1.1371523818683624 2.6463 1.1371523818683624 2.6463 0.74697
PART 5.2080093218421935 1.0281300000000002 5.2080093218421935 1.9796230367469789 4.9843346609210961 1.9796230367469789 4.9843346609210961 1.5038765183734897 4.76066 1.5038765183734897 4.76066 1.0281300000000002 5.2080093218421935 1.0281300000000002
PART 3.6230700000000002 1.1089200000000001 4.5487834675979615 1.1089200000000001 4.5487834675979615 1.9000964919757846 3.6230700000000002 1.9000964919757846 3.6230700000000002 1.1089200000000001
PART 5.568095529088974 1.0281300000000002 5.568095529088974 1.9158302358436585 5.20801 1.9158302358436585 5.20801 1.0281300000000002 5.568095529088974 1.0281300000000002
PART 2.2137779158210757 1.13679 2.2137779158210757 1.9582995937252043 1.5611100000000002 1.9582995937252043 1.5611100000000002 1.13679 2.2137779158210757 1.13679
PART 2.2137800000000003 1.13715 2.97781580904007 1.13715 2.97781580904007 1.6069731220245362 2.2137800000000003 1.6069731220245362 2.2137800000000003 1.13715
PART 0 1.5611100000000002 0.75036094188690183 1.5611100000000002 0.75036094188690183 2.6433860462760927 0 2.6433860462760927 0 1.5611100000000002
PART 0.75036 1.5611100000000002 1.4838365434265137 1.5611100000000002 1.4838365434265137 2.4909631889915467 0.75036 2.4909631889915467 0.75036 1.5611100000000002
PART 2.2137800000000003 1.60697 2.9132777295398715 1.60697 2.9132777295398715 2.6307106969070437 2.2137800000000003 2.6307106969070437 2.2137800000000003 1.60697
PART 2.9132800000000003 1.60697 3.5924686329650881 1.60697 3.5924686329650881 2.5505695638370516 2.9132800000000003 2.5505695638370516 2.9132800000000003 1.60697
PART 3.59247 1.9001000000000001 4.2432208337497714 1.9001000000000001 4.2432208337497714 2.860850734806061 3.59247 2.860850734806061 3.59247 1.9001000000000001
PART 4.870114783973694 2.4452294586944583 4.24322 2.4452294586944583 4.24322 1.9745547293472292 4.5566673919868474 1.9745547293472292 4.5566673919868474 1.50388 4.870114783973694 1.50388 4.870114783973694 2.4452294586944583
PART 1.4838399999999998 1.9583 2.1087612145805359 1.9583 2.1087612145805359 2.811965953874588 1.4838399999999998 2.811965953874588 1.4838399999999998 1.9583
PART 4.8701099999999995 1.9796200000000002 5.4734567590808867 1.9796200000000002 5.4734567590808867 2.4722849212837223 4.8701099999999995 2.4722849212837223 4.8701099999999995 1.9796200000000002
PART 4.24322 3.0407866048622134 4.24322 2.44523 4.67120675596714 2.44523 4.67120675596714 2.7430083024311065 5.09919351193428 2.7430083024311065 5.09919351193428 3.0407866048622134 4.24322 3.0407866048622134
PART 0.75036 2.49096 1.341293495759964 2.49096 1.341293495759964 3.0348633746719358 0.75036 3.0348633746719358 0.75036 2.49096
PART 1.5132232998561861 0 1.5132232998561861 0.57102823257446289 1.14962 0.57102823257446289 1.14962 0 1.5132232998561861 0
PART 0 2.6433899999999997 0.55739880204200754 2.6433899999999997 0.55739880204200754 3.6463493169689176 0 3.6463493169689176 0 2.6433899999999997
PART 1.3412899999999999 2.81197 1.8949832229995727 2.81197 1.8949832229995727 3.4866712972831726 1.3412899999999999 3.4866712972831726 1.3412899999999999 2.81197
PART 1.89498 2.81197 2.3785299703884126 2.81197 2.3785299703884126 3.5037681803417207 1.89498 3.5037681803417207 1.89498 2.81197
PART 0.5574 3.03486 1.0148020266532898 3.03486 1.0148020266532898 3.7822448164081575 0.5574 3.7822448164081575 0.5574 3.03486
PART 1.0148000000000001 3.48667 1.4703236756801608 3.48667 1.4703236756801608 4.2705060905647283 1.0148000000000001 4.2705060905647283 1.0148000000000001 3.48667
PART 3.538934037036896 1.13715 3.538934037036896 1.5811870082855226 3.2583770185184484 1.5811870082855226 3.2583770185184484 1.3591685041427612 2.9778200000000004 1.3591685041427612 2.9778200000000004 1.13715 3.538934037036896 1.13715
PART 3.4973794682312014 2.63071 3.4973794682312014 3.0347126783943179 2.37853 3.0347126783943179 2.37853 2.63071 3.4973794682312014 2.63071
PART 1.4703199999999998 3.48667 1.8711060124111174 3.48667 1.8711060124111174 4.5173607296180727 1.4703199999999998 4.5173607296180727 1.4703199999999998 3.48667
PART 1.87111 3.50377 2.2040047424888609 3.50377 2.2040047424888609 4.4570050778579713 1.87111 4.4570050778579713 1.87111 3.50377
PART 1.1175568014335631 0.31733 1.1175568014335631 0.641476556854248 0.63662 0.641476556854248 0.63662 0.31733 1.1175568014335631 0.31733
PART 5.4081695947265622 2.47228 5.4081695947265622 2.7850617690372466 5.0991897973632812 2.7850617690372466 5.0991897973632812 2.6286708845186233 4.79021 2.6286708845186233 4.79021 2.47228 5.4081695947265622 2.47228
PART 5.558925203714371 3.0279319567012783 5.25741 3.0279319567012783 5.25741 2.785055978350639 5.4081676018571851 2.785055978350639 5.4081676018571851 2.5421799999999997 5.558925203714371 2.5421799999999997 5.558925203714371 3.0279319567012783
PART 1.0148000000000001 3.03486 1.2945245621681214 3.03486 1.2945245621681214 3.3613633602714539 1.0148000000000001 3.3613633602714539 1.0148000000000001 3.03486
PART 0 3.7822400000000003 0.844571977853775 3.7822400000000003 0.844571977853775 4.598925158014298 0 4.598925158014298 0 3.7822400000000003
PART 0.84457 4.51736 1.7116728017997742 4.51736 1.7116728017997742 5.427962867603302 0.84457 5.427962867603302 0.84457 4.51736
PART 0.82923081517219543 4.59893 0.82923081517219543 5.5118463265228277 0.41461540758609772 5.5118463265228277 0.41461540758609772 5.0553881632614139 0 5.0553881632614139 0 4.59893 0.82923081517219543 4.59893
