SHEET 0 0 5.57538161597974 5.5753816159797394
PART 0.1 0.1 0.42506178021430974 0.1 0.42506178021430974 1.2426293969154361 0.1 1.2426293969154361 0.1 0.1
PART 0.52506000000000008 0.1 1.6102494617080689 0.1 1.6102494617080689 1.236788082122803 0.52506000000000008 1.236788082122803 0.52506000000000008 0.1
PART 1.71025 0.1 2.1142526783943176 0.1 2.1142526783943176 1.2188494682312014 1.71025 1.2188494682312014 1.71025 0.1
PART 2.21425 0.1 3.2585115270614624 0.1 3.2585115270614624 1.20892368555069 2.21425 1.20892368555069 2.21425 0.1
PART 3.3585100000000003 0.1 3.8643363063430787 0.1 3.8643363063430787 1.2078103542327883 3.3585100000000003 1.2078103542327883 3.3585100000000003 0.1
PART 3.96434 0.1 5.0027230904960636 0.1 5.0027230904960636 1.2015093088150026 3.96434 1.2015093088150026 3.96434 0.1
PART 3.96434 1.30151 4.7147009418869015 1.30151 4.7147009418869015 2.3837860462760925 3.96434 2.3837860462760925 3.96434 1.30151
PART 5.1027200000000006 0.1 5.3665983395290384 0.1 5.3665983395290384 1.1404454410076141 5.1027200000000006 1.1404454410076141 5.1027200000000006 0.1
PART 3.2449407296180723 1.30892 3.2449407296180723 1.7097060124111176 2.21425 1.7097060124111176 2.21425 1.30892 3.2449407296180723 1.30892
PART 0.52506000000000008 1.33679 1.2245577295398713 1.33679 1.2245577295398713 2.3605306969070434 0.52506000000000008 2.3605306969070434 0.52506000000000008 1.33679
PART 4.8147 1.30151 5.3720988020420073 1.30151 5.3720988020420073 2.3044693169689179 4.8147 2.3044693169689179 4.8147 1.30151
PART 2.09300815867424 2.2932099951267242 1.32749 2.2932099951267242 1.32749 1.8060299975633622 1.7102490793371201 1.8060299975633622 1.7102490793371201 1.31885 2.09300815867424 1.31885 2.09300815867424 2.2932099951267242
PART 2.19301 1.80971 2.8437608337497711 1.80971 2.8437608337497711 2.7704607348060608 2.19301 2.7704607348060608 2.19301 1.80971
PART 2.94376 1.80971 3.7915410800075531 1.80971 3.7915410800075531 2.7697143296813964 2.94376 2.7697143296813964 2.94376 1.80971
PART 1.3245600000000002 3.314460406494141 1.3245600000000002 2.4264500000000004 1.8028869107341767 2.4264500000000004 1.8028869107341767 2.8704552032470709 2.2812138214683535 2.8704552032470709 2.2812138214683535 3.314460406494141 1.3245600000000002 3.314460406494141
PART 4.8147 2.4044700000000003 5.1475947424888613 2.4044700000000003 5.1475947424888613 3.3577050778579718 4.8147 3.3577050778579718 4.8147 2.4044700000000003
PART 0.1 2.4605300000000003 0.77918863296508789 2.4605300000000003 0.77918863296508789 3.4041295638370519 0.1 3.4041295638370519 0.1 2.4605300000000003
PART 4.2049847839736936 3.4251394586944581 3.57809 3.4251394586944581 3.57809 2.954464729347229 3.891537391986847 2.954464729347229 3.891537391986847 2.48379 4.2049847839736936 2.48379 4.2049847839736936 3.4251394586944581
PART 2.94376 2.86971 3.35453852845192 2.86971 3.35453852845192 3.7568885998344421 2.94376 3.7568885998344421 2.94376 2.86971
PART 0.87919 3.41446 1.3595824202919007 3.41446 1.3595824202919007 4.2970429029083252 0.87919 4.2970429029083252 0.87919 3.41446
PART 2.6789866048622129 3.8424435119342806 2.08343 3.8424435119342806 2.08343 3.4144567559671404 2.3812083024311064 3.4144567559671404 2.3812083024311064 2.98647 2.6789866048622129 2.98647 2.6789866048622129 3.8424435119342806
PART 4.3049800000000005 2.48379 4.6622903010654451 2.48379 4.6622903010654451 3.3390840011024476 4.3049800000000005 3.3390840011024476 4.3049800000000005 2.48379
PART 5.1586459538745881 3.43908 5.1586459538745881 4.0640012145805358 4.3049800000000005 4.0640012145805358 4.3049800000000005 3.43908 5.1586459538745881 3.43908
PART 1.45958 4.3988963265228271 1.45958 3.48598 1.8741954075860978 3.48598 1.8741954075860978 3.9424381632614138 2.2888108151721953 3.9424381632614138 2.2888108151721953 4.3988963265228271 1.45958 4.3988963265228271
PART 2.7789900000000003 3.85689 3.6235619778537753 3.85689 3.6235619778537753 4.6735751580142972 2.7789900000000003 4.6735751580142972 2.7789900000000003 3.85689
PART 3.72356 4.164 4.6492734675979612 4.164 4.6492734675979612 4.9551764919757844 3.72356 4.9551764919757844 3.72356 4.164
PART 0.1 3.50413 0.55552367568016048 3.50413 0.55552367568016048 4.2879660905647281 0.1 4.2879660905647281 0.1 3.50413
PART 4.74927 4.164 5.2066720266532895 4.164 5.2066720266532895 4.9113848164081571 4.74927 4.9113848164081571 4.74927 4.164
PART 0.1 4.39704 1.1700995147228244 4.39704 1.1700995147228244 5.1440080547714233 0.1 5.1440080547714233 0.1 4.39704
PART 1.2701000000000002 4.4989000000000008 2.2982302392482761 4.4989000000000008 2.2982302392482761 5.2383063711166393 1.2701000000000002 5.2383063711166393 1.2701000000000002 4.4989000000000008
PART 2.39823 4.77358 2.8817799703884122 4.77358 2.8817799703884122 5.4653781803417205 2.39823 5.4653781803417205 2.39823 4.77358
PART 2.98178 4.77358 3.5354732229995731 4.77358 3.5354732229995731 5.4482812972831729 2.98178 5.4482812972831729 2.98178 4.77358
PART 0.1 1.3426300000000002 0.41278176903724673 1.3426300000000002 0.41278176903724673 1.6516097973632815 0.25639088451862335 1.6516097973632815 0.25639088451862335 1.9605895947265628 0.1 1.9605895947265628 0.1 1.3426300000000002
PART 0.87919 2.4605300000000003 1.1398428222560884 2.4605300000000003 1.1398428222560884 3.0538126280593874 0.87919 3.0538126280593874 0.87919 2.4605300000000003
PART 4.0156540370368958 3.52514 4.0156540370368958 3.9691770082855227 3.7350970185184482 3.9691770082855227 3.7350970185184482 3.7471585041427611 3.45454 3.7471585041427611 3.45454 3.52514 4.0156540370368958 3.52514
PART 3.844261956701279 1.30781 3.844261956701279 1.6093252037143706 3.6013859783506397 1.6093252037143706 3.6013859783506397 1.4585676018571854 3.3585100000000003 1.4585676018571854 3.3585100000000003 1.30781 3.844261956701279 1.30781
PART 5.230206801433563 5.01138 5.230206801433563 5.3355265568542478 4.74927 5.3355265568542478 4.74927 5.01138 5.230206801433563 5.01138
PART 3.63547 5.05518 4.6122426957798 5.05518 4.6122426957798 5.4453623818683621 3.63547 5.4453623818683621 3.63547 5.05518
PART 1.32456 1.33679 1.6042845621681212 1.33679 1.6042845621681212 1.6632933602714539 1.32456 1.6632933602714539 1.32456 1.33679
