SHEET 0 0 5.57538161597974 5.5753816159797394
HOLE 0.6690457939175688 0.66904579391756869 1.5611068524743272 0.66904579391756869 1.5611068524743272 1.561106852474327 0.6690457939175688 1.561106852474327 0.6690457939175688 0.66904579391756869
HOLE 2.508921727190883 3.0664598887888568 5.57538161597974 3.0664598887888568 5.57538161597974 5.5753816159797394 2.508921727190883 5.5753816159797394 2.508921727190883 3.0664598887888568
PART 2.9058836477994903 0.093738182187080368 3.5308048623800259 0.093738182187080368 3.5308048623800259 0.9474041360616684 2.9058836477994903 0.9474041360616684 2.9058836477994903 0.093738182187080368
PART 2.0961399581536364 3.0664598887888568 2.4089217271908829 3.0664598887888568 2.4089217271908829 3.3754396861521379 2.2525308426722597 3.3754396861521379 2.2525308426722597 3.6844194835154194 2.0961399581536364 3.6844194835154194 2.0961399581536364 3.0664598887888568
PART 0.10187829494476318 3.0563488483428931 0.78106692790985111 3.0563488483428931 0.78106692790985111 3.9999484121799447 0.10187829494476318 3.9999484121799447 0.10187829494476318 3.0563488483428931
PART 3.8345187914371444 0.1631710124015808 4.4254522871971087 0.1631710124015808 4.4254522871971087 0.70707438707351689 3.8345187914371444 0.70707438707351689 3.8345187914371444 0.1631710124015808
PART 1.5738698914647109 1.0142717078328136 1.5738698914647109 0.31477397829294235 2.5976105883717544 0.31477397829294235 2.5976105883717544 1.0142717078328136 1.5738698914647109 1.0142717078328136
PART 2.2563636894027397 1.1142717078328135 2.8273919219772026 1.1142717078328135 2.8273919219772026 1.4778750076889993 2.2563636894027397 1.4778750076889993 2.2563636894027397 1.1142717078328135
PART 0.107931756880673 2.0051438607598495 0.107931756880673 1.561106852474327 0.38848877539912086 1.561106852474327 0.38848877539912086 1.7831253566170884 0.6690457939175688 1.7831253566170884 0.6690457939175688 2.0051438607598495 0.107931756880673 2.0051438607598495
PART 2.508921727190883 2.9664598887888567 2.508921727190883 2.4127666657892837 3.1836230244740555 2.4127666657892837 3.1836230244740555 2.9664598887888567 2.508921727190883 2.9664598887888567
PART 4.50970600426197 2.0175000545382504 5.4354194718599311 2.0175000545382504 5.4354194718599311 2.8086765465140346 4.50970600426197 2.8086765465140346 4.50970600426197 2.0175000545382504
PART 0.92461691489497044 2.1051438607598496 0.92461691489497044 2.9497158386136246 0.10793175688067291 2.9497158386136246 0.10793175688067291 2.1051438607598496 0.92461691489497044 2.1051438607598496
PART 0.88106692790985108 4.0999484121799448 1.7025765216350557 4.0999484121799448 1.7025765216350557 4.75261632800102 0.88106692790985108 4.75261632800102 0.88106692790985108 4.0999484121799448
PART 0.59454321622848516 4.0999484121799448 0.59454321622848516 4.703295171260832 0.10187829494476318 4.703295171260832 0.10187829494476318 4.0999484121799448 0.59454321622848516 4.0999484121799448
PART 1.0246169148949704 2.1051438607598496 1.3261321186093411 2.1051438607598496 1.3261321186093411 2.3480198391104889 1.1753745167521559 2.3480198391104889 1.1753745167521559 2.5908958174611283 1.0246169148949704 2.5908958174611283 1.0246169148949704 2.1051438607598496
PART 1.5728651082515717 4.8526163280010195 1.5728651082515717 5.3361662983894318 0.88106692790985108 5.3361662983894318 0.88106692790985108 4.8526163280010195 1.5728651082515717 4.8526163280010195
PART 1.0246169148949704 3.0497158386136247 1.912627321389111 3.0497158386136247 1.912627321389111 3.5280427493478013 1.4686221181420407 3.5280427493478013 1.4686221181420407 4.0063696600819778 1.0246169148949704 4.0063696600819778 1.0246169148949704 3.0497158386136247
PART 4.2351160612210341 2.8601159876314775 3.2836230244740556 2.8601159876314775 3.2836230244740556 2.6364413267103806 3.7593695428475451 2.6364413267103806 3.7593695428475451 2.4127666657892837 4.2351160612210341 2.4127666657892837 4.2351160612210341 2.8601159876314775
PART 4.6512489080429074 0.14094693660736082 5.4152847170829768 0.14094693660736082 5.4152847170829768 0.61077005863189693 4.6512489080429074 0.61077005863189693 4.6512489080429074 0.14094693660736082
PART 4.6512489080429074 0.71077005863189691 5.1086509346961968 0.71077005863189691 5.1086509346961968 1.4581548750400541 4.6512489080429074 1.4581548750400541 4.6512489080429074 0.71077005863189691
PART 2.1974616602063182 1.9901539564132695 2.1974616602063182 2.9030702829360968 1.7828462526202205 2.9030702829360968 1.7828462526202205 2.4466121196746831 1.3682308450341227 2.4466121196746831 1.3682308450341227 1.9901539564132695 2.1974616602063182 1.9901539564132695
PART 1.2621359500288964 0.13665710270404816 1.2621359500288964 0.59218077838420868 0.47829985946416859 0.59218077838420868 0.47829985946416859 0.13665710270404816 1.2621359500288964 0.13665710270404816
PART 3.9021075338125217 1.4307196229696273 3.9021075338125217 2.2978224247694015 2.9915046662092197 2.2978224247694015 2.9915046662092197 1.4307196229696273 3.9021075338125217 1.4307196229696273
PART 1.644641116758188 1.8901539564132697 1.644641116758188 1.2632591724395756 2.1153158461054171 1.2632591724395756 2.1153158461054171 1.5767065644264227 2.5859905754526462 1.5767065644264227 2.5859905754526462 1.8901539564132697 1.644641116758188 1.8901539564132697
PART 4.5186466318368943 0.98266839802265149 4.5186466318368943 1.5782250028848646 4.0906598758697541 1.5782250028848646 4.0906598758697541 1.2804467004537581 3.6626731199026139 1.2804467004537581 3.6626731199026139 0.98266839802265149 4.5186466318368943 0.98266839802265149
PART 1.8025765216350558 4.0999484121799448 2.1354712641239169 4.0999484121799448 2.1354712641239169 5.0531834900379158 1.8025765216350558 5.0531834900379158 1.8025765216350558 4.0999484121799448
PART 1.8025765216350558 5.4329080522060371 1.8025765216350558 5.1531834900379154 2.1290798819065095 5.1531834900379154 2.1290798819065095 5.4329080522060371 1.8025765216350558 5.4329080522060371
PART 2.2974616602063183 2.3143005132675176 2.2974616602063183 1.9901539564132698 2.7783984616398816 1.9901539564132698 2.7783984616398816 2.3143005132675176 2.2974616602063183 2.3143005132675176
