SHEET 0 0 5.57538161597974 5.5753816159797394
PART 0 0 1.1496165513992311 0 1.1496165513992311 0.31732843518257142 0 0.31732843518257142 0 0
PART 1.14962 0 1.4746817802143097 0 1.4746817802143097 1.142629396915436 1.14962 1.142629396915436 1.14962 0
PART 1.47468 0 2.5598694617080691 0 2.5598694617080691 1.1367880821228029 1.47468 1.1367880821228029 1.47468 0
PART 2.55987 0 3.68612150680542 0 3.68612150680542 0.3569364011287689 2.55987 0.3569364011287689 2.55987 0
PART 3.68612 0 4.8065585697841637 0 4.8065585697841637 0.22990181148052216 4.2463392848920822 0.22990181148052216 4.2463392848920822 0.45980362296104432 3.68612 0.45980362296104432 3.68612 0
PART 4.80656 0 5.210562678394318 0 5.210562678394318 1.1188494682312013 4.80656 1.1188494682312013 4.80656 0
PART 4.24634 0.2299 4.7521663063430788 0.2299 4.7521663063430788 1.3377103542327882 4.24634 1.3377103542327882 4.24634 0.2299
PART 0 0.31733 1.0383830904960631 0.31733 1.0383830904960631 1.4188393088150026 0 1.4188393088150026 0 0.31733
PART 2.55987 0.35694 3.310230941886902 0.35694 3.310230941886902 1.4392160462760926 2.55987 1.4392160462760926 2.55987 0.35694
PART 4.0571980547714235 0.4598 4.0571980547714235 1.5298995147228243 3.3102300000000002 1.5298995147228243 3.3102300000000002 0.4598 4.0571980547714235 0.4598
PART 5.21056 0 5.4744383395290379 0 5.4744383395290379 1.040445441007614 5.21056 1.040445441007614 5.21056 0
PART 4.7521700000000004 1.1188500000000001 5.152956012411118 1.1188500000000001 5.152956012411118 2.1495407296180726 4.7521700000000004 2.1495407296180726 4.7521700000000004 1.1188500000000001
PART 1.47468 1.13679 2.5028102392482756 1.13679 2.5028102392482756 1.8761963711166381 1.47468 1.8761963711166381 1.47468 1.13679
PART 0 1.4188399999999999 0.69949772953987122 1.4188399999999999 0.69949772953987122 2.4425806969070436 0 2.4425806969070436 0 1.4188399999999999
PART 4.6938248726844787 1.33771 4.6938248726844787 2.3417852232074736 4.0572 2.3417852232074736 4.0572 1.33771 4.6938248726844787 1.33771
PART 0.6995 1.4188399999999999 1.2568988020420075 1.4188399999999999 1.2568988020420075 2.4217993169689178 0.6995 2.4217993169689178 0.6995 1.4188399999999999
PART 5.5431423818683623 1.1188500000000001 5.5431423818683623 2.0956226957798005 5.15296 2.0956226957798005 5.15296 1.1188500000000001 5.5431423818683623 1.1188500000000001
PART 2.88556815867424 2.4135799951267241 2.12005 2.4135799951267241 2.12005 1.9263999975633621 2.50280907933712 1.9263999975633621 2.50280907933712 1.43922 2.88556815867424 1.43922 2.88556815867424 2.4135799951267241
PART 2.88557 1.5299 3.8529774411392212 1.5299 3.8529774411392212 2.151691076660156 2.88557 2.151691076660156 2.88557 1.5299
PART 1.2569000000000001 1.8762 1.9076508337497713 1.8762 1.9076508337497713 2.8369507348060607 1.2569000000000001 2.8369507348060607 1.2569000000000001 1.8762
PART 3.8455743296813965 2.15169 3.8455743296813965 2.9994710800075532 2.88557 2.9994710800075532 2.88557 2.15169 3.8455743296813965 2.15169
PART 3.8455700000000004 2.34179 4.7335804064941414 2.34179 4.7335804064941414 2.8201169107341766 4.2895752032470709 2.8201169107341766 4.2895752032470709 3.2984438214683536 3.8455700000000004 3.2984438214683536 3.8455700000000004 2.34179
PART 5.15296 2.09562 5.4858547424888613 2.09562 5.4858547424888613 3.0488550778579713 5.15296 3.0488550778579713 5.15296 2.09562
PART 1.90765 2.41358 2.8591430367469788 2.41358 2.8591430367469788 2.6372546609210969 2.3833965183734893 2.6372546609210969 2.3833965183734893 2.8609293218421938 1.90765 2.8609293218421938 1.90765 2.41358
PART 0.94359956383705146 2.44258 0.94359956383705146 3.1217686329650878 0 3.1217686329650878 0 2.44258 0.94359956383705146 2.44258
PART 2.3834 3.3129147839736941 2.3834 2.68602 2.8540747293472291 2.68602 2.8540747293472291 2.9994673919868471 3.3247494586944581 2.9994673919868471 3.3247494586944581 3.3129147839736941 2.3834 3.3129147839736941
PART 5.0936655290889741 2.14954 5.0936655290889741 3.0372402358436585 4.73358 3.0372402358436585 4.73358 2.14954 5.0936655290889741 2.14954
PART 4.28958 2.8201199999999997 4.7003585284519191 2.8201199999999997 4.7003585284519191 3.7072985998344419 4.28958 3.7072985998344419 4.28958 2.8201199999999997
PART 1.8261829029083252 2.8369500000000003 1.8261829029083252 3.3173424202919009 0.9436 3.3173424202919009 0.9436 2.8369500000000003 1.8261829029083252 2.8369500000000003
PART 1.8261800000000001 2.8609299999999998 2.1834903010654449 2.8609299999999998 2.1834903010654449 3.7162240011024474 1.8261800000000001 3.7162240011024474 1.8261800000000001 2.8609299999999998
PART 3.32475 2.99947 3.8082999703884122 2.99947 3.8082999703884122 3.6912681803417207 3.32475 3.6912681803417207 3.32475 2.99947
PART 4.70036 3.03724 5.0131417690372464 3.03724 5.0131417690372464 3.3462197973632817 4.8567508845186236 3.3462197973632817 4.8567508845186236 3.6551995947265628 4.70036 3.6551995947265628 4.70036 3.03724
PART 0 3.12177 0.60334675908088686 3.12177 0.60334675908088686 3.6144349212837223 0 3.6144349212837223 0 3.12177
PART 5.01314 3.0488600000000003 5.2737928222560884 3.0488600000000003 5.2737928222560884 3.6421426280593874 5.01314 3.6421426280593874 5.01314 3.0488600000000003
PART 2.1834900000000004 3.31291 2.7744234957599643 3.31291 2.7744234957599643 3.856813374671936 2.1834900000000004 3.856813374671936 2.1834900000000004 3.31291
PART 4.1719032998561856 3.2984400000000003 4.1719032998561856 3.8694682325744632 3.8083 3.8694682325744632 3.8083 3.2984400000000003 4.1719032998561856 3.2984400000000003
PART 0.60335000000000016 3.5658070082855229 0.60335000000000016 3.12177 0.883907018518448 3.12177 0.883907018518448 3.3437885041427613 1.1644640370368959 3.3437885041427613 1.1644640370368959 3.5658070082855229 0.60335000000000016 3.5658070082855229
PART 5.27379 3.0488600000000003 5.5753052037143709 3.0488600000000003 5.5753052037143709 3.2917359783506397 5.424547601857185 3.2917359783506397 5.424547601857185 3.534611956701279 5.27379 3.534611956701279 5.27379 3.0488600000000003
PART 2.77442 3.31291 3.098566556854248 3.31291 3.098566556854248 3.7938468014335633 2.77442 3.7938468014335633 2.77442 3.31291
PART 1.16446 3.31734 1.5647260393714906 3.31734 1.5647260393714906 3.67782104763031 1.16446 3.67782104763031 1.16446 3.31734
PART 0.9436 2.4218 1.2233245621681212 2.4218 1.2233245621681212 2.7483033602714539 0.9436 2.7483033602714539 0.9436 2.4218
PART 0.60335 3.56581 1.1570432229995729 3.56581 1.1570432229995729 4.2405112972831729 0.60335 4.2405112972831729 0.60335 3.56581
PART 5.4477448164081572 3.6552000000000002 5.4477448164081572 4.11260202665329 4.70036 4.11260202665329 4.70036 3.6552000000000002 5.4477448164081572 3.6552000000000002
PART 1.15704 3.7162200000000003 1.9210758090400697 3.7162200000000003 1.9210758090400697 4.186043122024536 1.15704 4.186043122024536 1.15704 3.7162200000000003
PART 3.7512379158210756 3.69127 3.7512379158210756 4.5127795937252042 3.09857 4.5127795937252042 3.09857 3.69127 3.7512379158210756 3.69127
PART 1.92108 3.85681 2.546001214580536 3.85681 2.546001214580536 4.710475953874588 1.92108 4.710475953874588 1.92108 3.85681
PART 0 3.6144300000000005 0.59555660486221318 3.6144300000000005 0.59555660486221318 4.0424167559671407 0.29777830243110659 4.0424167559671407 0.29777830243110659 4.4704035119342809 0 4.4704035119342809 0 3.6144300000000005
PART 4.1719 4.5953329370498661 4.1719 3.7073 4.4914484250783921 3.7073 4.4914484250783921 4.1513164685249331 4.8109968501567844 4.1513164685249331 4.8109968501567844 4.5953329370498661 4.1719 4.5953329370498661
PART 0.29778000000000004 4.2405100000000004 1.1039546001243592 4.2405100000000004 1.1039546001243592 5.13063833237648 0.29778000000000004 5.13063833237648 0.29778000000000004 4.2405100000000004
PART 5.3676993892192844 4.1126000000000005 5.3676993892192844 5.0081723047256475 4.811 5.0081723047256475 4.811 4.1126000000000005 5.3676993892192844 4.1126000000000005
PART 3.4566028676033018 4.5127799999999993 3.4566028676033018 5.3798828017997735 2.546 5.3798828017997735 2.546 4.5127799999999993 3.4566028676033018 4.5127799999999993
PART 3.75124 5.0517863265228273 3.75124 4.13887 4.1658554075860978 4.13887 4.1658554075860978 4.5953281632614136 4.5804708151721956 4.5953281632614136 4.5804708151721956 5.0517863265228273 3.75124 5.0517863265228273
PART 1.8951264919757844 4.2405100000000004 1.8951264919757844 5.1662234675979617 1.10395 5.1662234675979617 1.10395 4.2405100000000004 1.8951264919757844 4.2405100000000004
PART 1.8951300000000002 4.71048 2.544262335186005 4.71048 2.544262335186005 5.3852525367546082 1.8951300000000002 5.3852525367546082 1.8951300000000002 4.71048
