SHEET 0 0 5.57538161597974 5.5753816159797394
HOLE 0.6690457939175688 0.66904579391756869 1.5611068524743272 0.66904579391756869 1.5611068524743272 1.561106852474327 0.6690457939175688 1.561106852474327 0.6690457939175688 0.66904579391756869
HOLE 2.508921727190883 3.0664598887888568 5.57538161597974 3.0664598887888568 5.57538161597974 5.5753816159797394 2.508921727190883 5.5753816159797394 2.508921727190883 3.0664598887888568
PART 1.7285551787263622 0.1 2.7986546934491865 0.1 2.7986546934491865 0.84696805477142334 1.7285551787263622 0.84696805477142334 1.7285551787263622 0.1
PART 3.0430283513709364 0.1 4.0711585906192127 0.1 4.0711585906192127 0.83940637111663818 3.0430283513709364 0.83940637111663818 3.0430283513709364 0.1
PART 4.3387116574488518 0.7994977295398713 4.3387116574488518 0.10000000000000012 5.3624523543558951 0.10000000000000012 5.3624523543558951 0.7994977295398713 4.3387116574488518 0.7994977295398713
PART 5.4753816159797406 1.3601398481334972 5.4753816159797406 2.3642150713409711 4.8387567432952618 2.3642150713409711 4.8387567432952618 1.3601398481334972 5.4753816159797406 1.3601398481334972
PART 4.694166633701224 2.4090610867468492 4.694166633701224 2.9664598887888567 3.6912073167323056 2.9664598887888567 3.6912073167323056 2.4090610867468492 4.694166633701224 2.4090610867468492
PART 3.3260314172467611 2.3415386742083206 3.3260314172467611 2.9664598887888562 2.472365463372173 2.9664598887888562 2.472365463372173 2.3415386742083206 3.3260314172467611 2.3415386742083206
PART 2.4089217271908829 4.440346439924804 1.7820269432171894 4.440346439924804 1.7820269432171894 3.9696717105775754 2.0954743352040364 3.9696717105775754 2.0954743352040364 3.4989969812303463 2.4089217271908829 3.4989969812303463 2.4089217271908829 4.440346439924804
PART 1.8650052114200357 4.9216883929801671 1.8650052114200357 5.47538161597974 1.190303914136863 5.47538161597974 1.190303914136863 4.9216883929801671 1.8650052114200357 4.9216883929801671
PART 0.55740202665328986 4.88975151714766 0.10000000000000006 4.88975151714766 0.10000000000000006 4.1423667007395029 0.55740202665328986 4.1423667007395029 0.55740202665328986 4.88975151714766
PART 0.10000000000000006 3.5180373219162728 0.10000000000000006 2.9271038261563089 0.64390337467193615 2.9271038261563089 0.64390337467193615 3.5180373219162728 0.10000000000000006 3.5180373219162728
PART 0.1000000000000001 2.4048285575024746 0.1000000000000001 1.4533355207554959 0.32367466092109687 1.4533355207554959 0.32367466092109687 1.9290820391289853 0.54734932184219365 1.9290820391289853 0.54734932184219365 2.4048285575024746 0.1000000000000001 2.4048285575024746
PART 0.10000000000000006 0.937266883762133 0.10000000000000006 0.33392012468124616 0.59266492128372206 0.33392012468124616 0.59266492128372206 0.937266883762133 0.10000000000000006 0.937266883762133
PART 1.0463838060847295 0.56904579391756871 1.0463838060847295 0.12500878563204623 1.3269408246031773 0.12500878563204623 1.3269408246031773 0.34702728977480746 1.6074978431216254 0.34702728977480746 1.6074978431216254 0.56904579391756871 1.0463838060847295 0.56904579391756871
PART 1.7028252013582164 1.6611068524743271 1.7028252013582164 1.9738886215115738 1.3938454039949351 1.9738886215115738 1.3938454039949351 1.8174977369929504 1.0848656066316538 1.8174977369929504 1.0848656066316538 1.6611068524743271 1.7028252013582164 1.6611068524743271
PART 0.98997711489192564 1.6611068524743271 0.98997711489192564 1.9626220561886978 0.74710113654128629 1.9626220561886978 0.74710113654128629 1.8118644543315126 0.504225158190647 1.8118644543315126 0.504225158190647 1.6611068524743271 0.98997711489192564 1.6611068524743271
PART 1.7285551787263622 0.94696805477142332 2.8137446404344311 0.94696805477142332 2.8137446404344311 2.0837561368942263 1.7285551787263622 2.0837561368942263 1.7285551787263622 0.94696805477142332
PART 2.9137446404344312 0.94696805477142332 3.9580061674958937 0.94696805477142332 3.9580061674958937 2.0558917403221133 2.9137446404344312 2.0558917403221133 2.9137446404344312 0.94696805477142332
PART 0.787878988981247 2.1385286843776705 1.5382399308681487 2.1385286843776705 1.5382399308681487 3.220804730653763 0.787878988981247 3.220804730653763 0.787878988981247 2.1385286843776705
PART 0.787878988981247 3.3208047306537631 1.6549817907810211 3.3208047306537631 1.6549817907810211 4.2314075982570651 0.787878988981247 4.2314075982570651 0.787878988981247 3.3208047306537631
PART 1.6503222227096557 2.2004296302795407 2.3837987661361693 2.2004296302795407 2.3837987661361693 3.1302828192710876 1.6503222227096557 3.1302828192710876 1.6503222227096557 2.2004296302795407
PART 4.0580061674958934 0.94696805477142332 4.7371948004609816 0.94696805477142332 4.7371948004609816 1.8905676186084748 4.0580061674958934 1.8905676186084748 4.0580061674958934 0.94696805477142332
PART 4.8387567432952618 2.4642150713409712 5.4097849758697247 2.4642150713409712 5.4097849758697247 2.8278183711971572 4.8387567432952618 2.8278183711971572 4.8387567432952618 2.4642150713409712
PART 0.58093680143356319 1.0372668837621331 0.58093680143356319 1.3614134406163811 0.09999999999999995 1.3614134406163811 0.09999999999999995 1.0372668837621331 0.58093680143356319 1.0372668837621331
PART 5.0212054553868812 0.89949772953987117 5.3009300175550029 0.89949772953987117 5.3009300175550029 1.2260010898113252 5.0212054553868812 1.2260010898113252 5.0212054553868812 0.89949772953987117
