SHEET 0 0 5.57538161597974 5.5753816159797394
HOLE 0.89206105855675843 1.003568690876353 1.7283683009537194 1.003568690876353 1.7283683009537194 1.8956297494331114 0.89206105855675843 1.8956297494331114 0.89206105855675843 1.003568690876353
HOLE 3.1222137049486549 1.5611068524743272 4.0700285796652107 1.5611068524743272 4.0700285796652107 2.78769080798987 3.1222137049486549 2.78769080798987 3.1222137049486549 1.5611068524743272
HOLE 1.6726144847939219 3.4567366019074384 2.8991984403094646 3.4567366019074384 2.8991984403094646 4.1815362119848043 1.6726144847939219 4.1815362119848043 1.6726144847939219 3.4567366019074384
PART 0 0 1.1496165513992311 0 1.1496165513992311 0.31732843518257142 0 0.31732843518257142 0 0
PART 1.14962 0 2.2893263255310061 0 2.2893263255310061 0.29616838693618774 1.7194731627655031 0.29616838693618774 1.7194731627655031 0.59233677387237549 1.14962 0.59233677387237549 1.14962 0
PART 2.28933 0 3.4155815068054203 0 3.4155815068054203 0.3569364011287689 2.28933 0.3569364011287689 2.28933 0
PART 3.41558 0 4.5360185697841642 0 4.5360185697841642 0.22990181148052216 3.9757992848920818 0.22990181148052216 3.9757992848920818 0.45980362296104432 3.41558 0.45980362296104432 3.41558 0
PART 5.4685011100959784 0 5.4685011100959784 1.1079520285129547 4.5360200000000006 1.1079520285129547 4.5360200000000006 0 5.4685011100959784 0
PART 2.6906635950756073 0.35694 2.6906635950756073 1.4492378520393372 1.7283700000000002 1.4492378520393372 1.7283700000000002 0.35694 2.6906635950756073 0.35694
PART 0.74696805477142336 0.31733 0.74696805477142336 1.3874295147228244 0 1.3874295147228244 0 0.31733 0.74696805477142336 0.31733
PART 4.07003 1.10795 5.1084130904960627 1.10795 5.1084130904960627 2.2094593088150027 4.07003 2.2094593088150027 4.07003 1.10795
PART 2.69066 0.4598 3.7187902392482757 0.4598 3.7187902392482757 1.1992063711166381 2.69066 1.1992063711166381 2.69066 0.4598
PART 1.7283700000000002 1.44924 2.7545532773685455 1.44924 2.7545532773685455 2.3561056384944918 1.7283700000000002 2.3561056384944918 1.7283700000000002 1.44924
PART 0 1.8956300000000001 1.0092439472675325 1.8956300000000001 1.0092439472675325 2.9326674798774723 0 2.9326674798774723 0 1.8956300000000001
PART 1.6458648726844787 1.8956300000000001 1.6458648726844787 2.8997052232074738 1.00924 2.8997052232074738 1.00924 1.8956300000000001 1.6458648726844787 1.8956300000000001
PART 0.74697 0.59234 1.7237426957798005 0.59234 1.7237426957798005 0.98252238186836238 0.74697 0.98252238186836238 0.74697 0.59234
PART 4.07003 2.20946 5.0374374411392209 2.20946 5.0374374411392209 2.8312510766601564 4.07003 2.8312510766601564 4.07003 2.20946
PART 1.64586 2.35611 2.6063417628860472 2.35611 2.6063417628860472 3.1035404139614107 1.64586 3.1035404139614107 1.64586 2.35611
PART 2.6063400000000003 2.78769 3.56416031416893 2.78769 3.56416031416893 3.3346309763813018 2.6063400000000003 3.3346309763813018 2.6063400000000003 2.78769
PART 5.5557593218421939 1.10795 5.5557593218421939 2.0594430367469787 5.3320846609210966 2.0594430367469787 5.3320846609210966 1.5836965183734895 5.10841 1.5836965183734895 5.10841 1.10795 5.5557593218421939 1.10795
PART 5.5084065942478189 3.33445040802002 4.5664700000000007 3.33445040802002 4.5664700000000007 2.83124520401001 5.03743829712391 2.83124520401001 5.03743829712391 2.32804 5.5084065942478189 2.32804 5.5084065942478189 3.33445040802002
PART 4.029134070196152 0.4598 4.029134070196152 1.3886481652736664 3.71879 1.3886481652736664 3.71879 0.4598 4.029134070196152 0.4598
PART 3.5641599999999998 2.83125 4.4898734675979615 2.83125 4.4898734675979615 3.622426491975784 3.5641599999999998 3.622426491975784 3.5641599999999998 2.83125
PART 1.4656963265228271 3.7289408151721957 0.55277999999999994 3.7289408151721957 0.55277999999999994 3.3143254075860979 1.0092381632614136 3.3143254075860979 1.0092381632614136 2.8997100000000002 1.4656963265228271 2.8997100000000002 1.4656963265228271 3.7289408151721957
PART 4.48987 3.3344500000000004 5.3854423047256468 3.3344500000000004 5.3854423047256468 3.8911493892192843 4.48987 3.8911493892192843 4.48987 3.3344500000000004
PART 0 2.93267 0.88803293704986574 2.93267 0.88803293704986574 3.2522184250783921 0.44401646852493287 3.2522184250783921 0.44401646852493287 3.5717668501567839 0 3.5717668501567839 0 2.93267
PART 2.8992000000000004 4.2226404064941407 2.8992000000000004 3.33463 3.3775269107341774 3.33463 3.3775269107341774 3.7786352032470707 3.855853821468354 3.7786352032470707 3.855853821468354 4.2226404064941407 2.8992000000000004 4.2226404064941407
PART 2.75455 1.19921 3.6422502358436586 1.19921 3.6422502358436586 1.5592955290889741 2.75455 1.5592955290889741 2.75455 1.19921
PART 4.3178709150600438 0.2299 4.3178709150600438 1.1056059335708617 4.02913 1.1056059335708617 4.02913 0.2299 4.3178709150600438 0.2299
PART 0 3.72894 0.86710280179977417 3.72894 0.86710280179977417 4.6395428676033017 0 4.6395428676033017 0 3.72894
PART 3.8558499999999998 3.89115 4.7036310800075531 3.89115 4.7036310800075531 4.8511543296813961 3.8558499999999998 4.8511543296813961 3.8558499999999998 3.89115
PART 4.70363 3.89115 5.5482019778537754 3.89115 5.5482019778537754 4.7078351580142979 4.70363 4.7078351580142979 4.70363 3.89115
PART 0 1.3874300000000002 0.83365946412086489 1.3874300000000002 0.83365946412086489 1.822894882850647 0 1.822894882850647 0 1.3874300000000002
PART 1.5074025031089784 3.72894 1.5074025031089784 4.551526125135422 0.8671 4.551526125135422 0.8671 3.72894 1.5074025031089784 3.72894
PART 1.5074 4.18154 2.3289095937252045 4.18154 2.3289095937252045 4.8342079158210751 1.5074 4.8342079158210751 1.5074 4.18154
PART 2.32891 4.22264 3.1350846001243591 4.22264 3.1350846001243591 5.11276833237648 2.32891 5.11276833237648 2.32891 4.22264
PART 3.13508 5.2460441887378693 3.13508 4.45625 3.5635899208354949 4.45625 3.5635899208354949 4.851147094368935 3.99209984167099 4.851147094368935 3.99209984167099 5.2460441887378693 3.13508 5.2460441887378693
PART 1.2498581586742403 5.5258899951267235 0.48434000000000016 5.5258899951267235 0.48434000000000016 5.0387099975633616 0.86709907933712027 5.0387099975633616 0.86709907933712027 4.55153 1.2498581586742403 4.55153 1.2498581586742403 5.5258899951267235
PART 0.46982312202453613 4.63954 0.46982312202453613 5.40357580904007 0 5.40357580904007 0 4.63954 0.46982312202453613 4.63954
PART 3.119007905292511 1.5593 3.119007905292511 2.3058361654758452 2.75455 2.3058361654758452 2.75455 1.5593 3.119007905292511 1.5593
PART 2.1797131889915469 4.83421 2.1797131889915469 5.5676865434265137 1.2498600000000002 5.5676865434265137 1.2498600000000002 4.83421 2.1797131889915469 4.83421
PART 5.015840696907043 4.8511500000000005 5.015840696907043 5.5506477295398717 3.9920999999999998 5.5506477295398717 3.9920999999999998 4.8511500000000005 5.015840696907043 4.8511500000000005
PART 5.3727085948848723 4.70784 5.3727085948848723 5.3828097864055637 5.01584 5.3828097864055637 5.01584 4.70784 5.3727085948848723 4.70784
PART 2.17971 5.11277 2.8397139184093474 5.11277 2.8397139184093474 5.4719372480106356 2.17971 5.4719372480106356 2.17971 5.11277
PART 1.4657 3.1035399999999997 2.0215173716068269 3.1035399999999997 2.0215173716068269 3.4115815010452266 1.4657 3.4115815010452266 1.4657 3.1035399999999997
PART 2.0215199999999998 3.1035399999999997 2.5704056852054595 3.1035399999999997 2.5704056852054595 3.2361906525278088 2.2959628426027296 3.2361906525278088 2.2959628426027296 3.3688413050556179 2.0215199999999998 3.3688413050556179 2.0215199999999998 3.1035399999999997
PART 2.6063400000000003 2.35611 3.099587711658478 2.35611 3.099587711658478 2.7548847848033908 2.6063400000000003 2.7548847848033908 2.6063400000000003 2.35611
PART 3.8441440370368958 4.22264 3.8441440370368958 4.6666770082855225 3.5635870185184482 4.6666770082855225 3.5635870185184482 4.4446585041427618 3.28303 4.4446585041427618 3.28303 4.22264 3.8441440370368958 4.22264
PART 3.3206468014335635 5.24604 3.3206468014335635 5.5701865568542477 2.83971 5.5701865568542477 2.83971 5.24604 3.3206468014335635 5.24604
PART 0.74697 0.31733 1.0633379897785187 0.31733 1.0633379897785187 0.56983636339187616 0.74697 0.56983636339187616 0.74697 0.31733
PART 3.9386095947265627 5.24604 3.9386095947265627 5.5588217690372463 3.6296297973632816 5.5588217690372463 3.6296297973632816 5.4024308845186235 3.32065 5.4024308845186235 3.32065 5.24604 3.9386095947265627 5.24604
PART 0.46982 4.63954 0.74954456216812138 4.63954 0.74954456216812138 4.9660433602714544 0.46982 4.9660433602714544 0.46982 4.63954
PART 4.4491326280593873 3.6224300000000005 4.4491326280593873 3.8830828222560889 3.8558499999999998 3.8830828222560889 3.8558499999999998 3.6224300000000005 4.4491326280593873 3.6224300000000005
