SHEET 0 0 5.57538161597974 5.5753816159797394
HOLE 0.6690457939175688 0.66904579391756869 1.5611068524743272 0.66904579391756869 1.5611068524743272 1.561106852474327 0.6690457939175688 1.561106852474327 0.6690457939175688 0.66904579391756869
HOLE 2.508921727190883 3.0664598887888568 5.57538161597974 3.0664598887888568 5.57538161597974 5.5753816159797394 2.508921727190883 5.5753816159797394 2.508921727190883 3.0664598887888568
PART 0.1 0.1 1.2496165513992312 0.1 1.2496165513992312 0.41732843518257146 0.1 0.41732843518257146 0.1 0.1
PART 1.66111 0.1 2.7462994617080687 0.1 2.7462994617080687 1.236788082122803 1.66111 1.236788082122803 1.66111 0.1
PART 2.8463000000000003 0.1 3.9163995147228245 0.1 3.9163995147228245 0.84696805477142334 2.8463000000000003 0.84696805477142334 2.8463000000000003 0.1
PART 4.0164 0.1 5.0606615270614626 0.1 5.0606615270614626 1.20892368555069 4.0164 1.20892368555069 4.0164 0.1
PART 2.8463000000000003 0.94697 3.8744302392482761 0.94697 3.8744302392482761 1.6863763711166382 2.8463000000000003 1.6863763711166382 2.8463000000000003 0.94697
PART 3.9744300000000004 1.30892 4.978505223207474 1.30892 4.978505223207474 1.9455448726844788 3.9744300000000004 1.9455448726844788 3.9744300000000004 1.30892
PART 0.49018238186836238 0.51733000000000007 0.49018238186836238 1.4941026957798005 0.1 1.4941026957798005 0.1 0.51733000000000007 0.49018238186836238 0.51733000000000007
PART 1.66111 1.33679 2.6126030367469788 1.33679 2.6126030367469788 1.5604646609210968 2.1368565183734893 1.5604646609210968 2.1368565183734893 1.7841393218421935 1.66111 1.7841393218421935 1.66111 1.33679
PART 0.1 1.66111 1.0257134675979616 1.66111 1.0257134675979616 2.4522864919757845 0.1 2.4522864919757845 0.1 1.66111
PART 2.6933163265228273 2.4896908151721955 1.7804 2.4896908151721955 1.7804 2.0750754075860978 2.2368581632614135 2.0750754075860978 2.2368581632614135 1.66046 2.6933163265228273 1.66046 2.6933163265228273 2.4896908151721955
PART 2.79332 1.78638 3.6813304064941406 1.78638 3.6813304064941406 2.2647069107341768 3.2373252032470705 2.2647069107341768 3.2373252032470705 2.7430338214683534 2.79332 2.7430338214683534 2.79332 1.78638
PART 5.4385955290889747 1.30892 5.4385955290889747 2.1966202358436586 5.0785100000000005 2.1966202358436586 5.0785100000000005 1.30892 5.4385955290889747 1.30892
PART 3.78133 2.04554 4.6484328017997747 2.04554 4.6484328017997747 2.9561428676033019 3.78133 2.9561428676033019 3.78133 2.04554
PART 0.1 2.55229 0.944571977853775 2.55229 0.944571977853775 3.3689751580142975 0.1 3.3689751580142975 0.1 2.55229
PART 1.04457 2.58969 1.8660795937252046 2.58969 1.8660795937252046 3.2423579158210756 1.04457 3.2423579158210756 1.04457 2.58969
PART 1.04457 3.34236 1.8086058090400696 3.34236 1.8086058090400696 3.8121831220245364 1.04457 3.8121831220245364 1.04457 3.34236
PART 0.1 3.46898 0.85036094188690181 3.46898 0.85036094188690181 4.5512560462760927 0.1 4.5512560462760927 0.1 3.46898
PART 0.95036 3.91218 1.6838365434265137 3.91218 1.6838365434265137 4.8420331889915467 0.95036 4.8420331889915467 0.95036 3.91218
PART 0.10000000000000012 5.2781547839736946 0.10000000000000012 4.6512600000000006 0.57067472934722918 4.6512600000000006 0.57067472934722918 4.9647073919868472 1.0413494586944583 4.9647073919868472 1.0413494586944583 5.2781547839736946 0.10000000000000012 5.2781547839736946
PART 1.618374921283722 1.8841400000000001 1.618374921283722 2.4874867590808871 1.12571 2.4874867590808871 1.12571 1.8841400000000001 1.618374921283722 1.8841400000000001
PART 5.1120332998561855 2.29662 5.1120332998561855 2.8676482325744628 4.74843 2.8676482325744628 4.74843 2.29662 5.1120332998561855 2.29662
PART 1.78384 3.91218 2.3412388020420076 3.91218 2.3412388020420076 4.9151393169689186 1.78384 4.9151393169689186 1.78384 3.91218
PART 1.8887348164081574 5.0151400000000006 1.8887348164081574 5.47254202665329 1.14135 5.47254202665329 1.14135 5.0151400000000006 1.8887348164081574 5.0151400000000006
PART 1.9660799999999998 2.58969 2.4101170082855221 2.58969 2.4101170082855221 2.8702470185184481 2.188098504142761 2.8702470185184481 2.188098504142761 3.1508040370368957 1.9660799999999998 3.1508040370368957 1.9660799999999998 2.58969
PART 3.33733 2.36471 3.661476556854248 2.36471 3.661476556854248 2.8456468014335634 3.33733 2.8456468014335634 3.33733 2.36471
PART 5.16066 0.1 5.4734417690372466 0.1 5.4734417690372466 0.40897979736328127 5.3170508845186237 0.40897979736328127 5.3170508845186237 0.71795959472656257 5.16066 0.71795959472656257 5.16066 0.1
PART 2.2101252037143708 3.736551956701279 1.9086100000000001 3.736551956701279 1.9086100000000001 3.4936759783506397 2.0593676018571854 3.4936759783506397 2.0593676018571854 3.2508000000000004 2.2101252037143708 3.2508000000000004 2.2101252037143708 3.736551956701279
PART 5.16066 0.81796 5.4403845621681217 0.81796 5.4403845621681217 1.144463360271454 5.16066 1.144463360271454 5.16066 0.81796
