SHEET 0 0 5.57538161597974 5.5753816159797394
HOLE 0.6690457939175688 0.66904579391756869 1.5611068524743272 0.66904579391756869 1.5611068524743272 1.561106852474327 0.6690457939175688 1.561106852474327 0.6690457939175688 0.66904579391756869
HOLE 2.508921727190883 3.0664598887888568 5.57538161597974 3.0664598887888568 5.57538161597974 5.5753816159797394 2.508921727190883 5.5753816159797394 2.508921727190883 3.0664598887888568
PART 2.8262606573191542 0.10000000000000103 2.8262606573191542 1.1851894617080698 1.6894725751963513 1.1851894617080698 1.6894725751963513 0.10000000000000103 2.8262606573191542 0.10000000000000103
PART 2.9262606573191543 0.10000000000000103 3.9705221843806169 0.10000000000000103 3.9705221843806169 1.2089236855506909 2.9262606573191543 1.2089236855506909 2.9262606573191543 0.10000000000000103
PART 4.070522184380617 0.10000000000000103 4.8208831262675185 0.10000000000000103 4.8208831262675185 1.1822760462760935 4.070522184380617 1.1822760462760935 4.070522184380617 0.10000000000000103
PART 1.6894725751963515 1.28518946170807 2.7595720899191756 1.28518946170807 2.7595720899191756 2.0321575164794932 1.6894725751963515 2.0321575164794932 1.6894725751963515 1.28518946170807
PART 4.070522184380617 1.2822760462760936 4.9376249861803911 1.2822760462760936 4.9376249861803911 2.1928789138793956 4.070522184380617 2.1928789138793956 4.070522184380617 1.2822760462760936
PART 2.9262606573191543 1.3089236855506909 3.95439089656743 1.3089236855506909 3.95439089656743 2.048330056667329 2.9262606573191543 2.048330056667329 2.9262606573191543 1.3089236855506909
PART 0.56904579391756882 1.6611068524743269 1.4947592615155303 1.6611068524743269 1.4947592615155303 2.4522833444501111 0.56904579391756882 2.4522833444501111 0.56904579391756882 1.6611068524743269
PART 1.6894725751963515 2.1321575164794933 2.3889703047362225 2.1321575164794933 2.3889703047362225 3.1558982133865365 1.6894725751963515 3.1558982133865365 1.6894725751963515 2.1321575164794933
PART 2.7142722076329298 2.1497747307745589 3.5588441854867048 2.1497747307745589 3.5588441854867048 2.9664598887888562 2.7142722076329298 2.9664598887888562 2.7142722076329298 2.1497747307745589
PART 0.56904579391756882 2.5522833444501112 1.3025223373440826 2.5522833444501112 1.3025223373440826 3.4821365334416576 0.56904579391756882 3.4821365334416576 0.56904579391756882 2.5522833444501112
PART 1.6894725751963515 3.2558982133865366 2.3686612081614395 3.2558982133865366 2.3686612081614395 4.1994977772235877 1.6894725751963515 4.1994977772235877 1.6894725751963515 3.2558982133865366
PART 4.070522184380617 2.2928789138793957 5.07459740758809 2.2928789138793957 5.07459740758809 2.9295037865638744 4.070522184380617 2.9295037865638744 4.070522184380617 2.2928789138793957
PART 0.56904579391756882 3.5821365334416577 1.4570562004117096 3.5821365334416577 1.4570562004117096 4.0604634441758343 1.0130509971646391 4.0604634441758343 1.0130509971646391 4.5387903549100113 0.56904579391756882 4.5387903549100113 0.56904579391756882 3.5821365334416577
PART 1.6894725751963515 4.2994977772235874 2.3402234089461227 4.2994977772235874 2.3402234089461227 5.2602485120296478 1.6894725751963515 5.2602485120296478 1.6894725751963515 4.2994977772235874
PART 0.1000000000000001 0.10000000000000153 1.0129163265228274 0.10000000000000153 1.0129163265228274 0.51461540758609925 0.55645816326141373 0.51461540758609925 0.55645816326141373 0.929230815172197 0.1000000000000001 0.929230815172197 0.1000000000000001 0.10000000000000153
PART 1.5720051108864868 4.6387903549100109 1.5720051108864868 5.196189156952018 0.56904579391756882 5.196189156952018 0.56904579391756882 4.6387903549100109 1.5720051108864868 4.6387903549100109
PART 5.0348226070404056 0.55942473411560067 5.4388252854347234 0.55942473411560067 5.4388252854347234 1.678274202346802 5.0348226070404056 1.678274202346802 5.0348226070404056 0.55942473411560067
PART 0.41732843518257151 1.0292308151721969 0.41732843518257151 2.1788473665714281 0.10000000000000009 2.1788473665714281 0.10000000000000009 1.0292308151721969 0.41732843518257151 1.0292308151721969
PART 0.46008552908897415 2.3438406900680411 0.46008552908897415 3.2315409259116996 0.10000000000000014 3.2315409259116996 0.10000000000000014 2.3438406900680411 0.46008552908897415 2.3438406900680411
PART 0.10000000000000026 3.4166099035913264 0.43289474248886134 3.4166099035913264 0.43289474248886134 4.3698449814492974 0.10000000000000026 4.3698449814492974 0.10000000000000026 3.4166099035913264
PART 0.46360329985618615 4.4698449814492971 0.46360329985618615 5.04087321402376 0.10000000000000026 5.04087321402376 0.10000000000000026 4.4698449814492971 0.46360329985618615 4.4698449814492971
PART 1.5938531279563906 0.10000000000000153 1.5938531279563906 0.42414655685424957 1.1129163265228272 0.42414655685424957 1.1129163265228272 0.10000000000000153 1.5938531279563906 0.10000000000000153
PART 3.6588441854867049 2.1497747307745589 3.9716259545239514 2.1497747307745589 3.9716259545239514 2.45875452813784 3.8152350700053281 2.45875452813784 3.8152350700053281 2.7677343255011215 3.6588441854867049 2.7677343255011215 3.6588441854867049 2.1497747307745589
PART 5.4066350829687968 0.10000000000000103 5.4066350829687968 0.40151520371437177 5.1637591046181575 0.40151520371437177 5.1637591046181575 0.25075760185718643 4.9208831262675181 0.25075760185718643 4.9208831262675181 0.10000000000000103 5.4066350829687968 0.10000000000000103
PART 5.0348226070404056 1.7782742023468021 5.3145471692085273 1.7782742023468021 5.3145471692085273 2.1047775626182559 5.0348226070404056 2.1047775626182559 5.0348226070404056 1.7782742023468021
