SHEET 0 0 5.57538161597974 5.5753816159797394
PART 0.1 0.1 1.5924139976501466 0.1 1.5924139976501466 1.1964406251907349 0.1 1.1964406251907349 0.1 0.1
PART 1.6924100000000002 0.1 2.6799911338424685 0.1 2.6799911338424685 1.55473210811615 1.6924100000000002 1.55473210811615 1.6924100000000002 0.1
PART 2.77999 0.1 4.2259755318069461 0.1 4.2259755318069461 1.0561932086944581 2.77999 1.0561932086944581 2.77999 0.1
PART 5.0334169855499269 1.7666471397781374 3.61854 1.7666471397781374 3.61854 1.1561935698890686 4.3259784927749632 1.1561935698890686 4.3259784927749632 0.54574 5.0334169855499269 0.54574 5.0334169855499269 1.7666471397781374
PART 0.1 1.29644 1.1153201103210451 1.29644 1.1153201103210451 2.536580438079834 0.1 2.536580438079834 0.1 1.29644
PART 1.21532 1.65473 2.3160344927978516 1.65473 2.3160344927978516 2.7430877346801759 1.21532 2.7430877346801759 1.21532 1.65473
PART 2.41603 1.65473 3.2033802969741823 1.65473 3.2033802969741823 3.0980469841766358 2.41603 3.0980469841766358 2.41603 1.65473
PART 3.30338 1.8666500000000001 4.0791601771163943 1.8666500000000001 4.0791601771163943 3.3180754808425905 3.30338 3.3180754808425905 3.30338 1.8666500000000001
PART 4.1791599999999995 1.8666500000000001 5.1309469472503659 1.8666500000000001 5.1309469472503659 2.9285348323822022 4.1791599999999995 2.9285348323822022 4.1791599999999995 1.8666500000000001
PART 0.95235295295715316 2.63658 0.95235295295715316 3.7761082745361327 0.52617647647857657 3.7761082745361327 0.52617647647857657 3.2063441372680663 0.1 3.2063441372680663 0.1 2.63658 0.95235295295715316 2.63658
PART 1.05235 2.84309 1.947417238807678 2.84309 1.947417238807678 3.3220993064308169 1.499883619403839 3.3220993064308169 1.499883619403839 3.8011086128616336 1.05235 3.8011086128616336 1.05235 2.84309
PART 4.6141139518356322 3.0285300000000004 4.6141139518356322 4.4205653651046752 4.1791599999999995 4.4205653651046752 4.1791599999999995 3.0285300000000004 4.6141139518356322 3.0285300000000004
PART 5.10251103149414 3.0285300000000004 5.10251103149414 4.4875012142944337 4.71411 4.4875012142944337 4.71411 3.0285300000000004 5.10251103149414 3.0285300000000004
PART 2.0474200000000002 3.1980500000000003 2.902620529098511 3.1980500000000003 2.902620529098511 3.8480635421752933 2.0474200000000002 3.8480635421752933 2.0474200000000002 3.1980500000000003
PART 3.00262 3.41808 3.8100946608734132 3.41808 3.8100946608734132 3.8680347600746154 3.4063573304367063 3.8680347600746154 3.4063573304367063 4.3179895201492311 3.00262 4.3179895201492311 3.00262 3.41808
PART 0.58636438846588135 3.87611 0.58636438846588135 4.9864924615478516 0.1 4.9864924615478516 0.1 3.87611 0.58636438846588135 3.87611
PART 0.68636 3.90111 1.092883036956787 3.90111 1.092883036956787 5.224333114013672 0.68636 5.224333114013672 0.68636 3.90111
PART 1.1928800000000002 3.90111 1.8376220358657838 3.90111 1.8376220358657838 4.7090728229141234 1.1928800000000002 4.7090728229141234 1.1928800000000002 3.90111
PART 2.4311192790222167 3.94806 2.4311192790222167 4.9961594939804073 1.9376200000000001 4.9961594939804073 1.9376200000000001 3.94806 2.4311192790222167 3.94806
PART 2.53112 3.94806 2.8789451457214357 3.94806 2.8789451457214357 5.1406214118576052 2.53112 5.1406214118576052 2.53112 3.94806
PART 5.13342 0.1 5.45197845451355 0.1 5.45197845451355 1.3357062101364137 5.13342 1.3357062101364137 5.13342 0.1
PART 3.8377073867416387 4.7606723390197754 3.1750100000000003 4.7606723390197754 3.1750100000000003 4.4179911695098877 3.5063586933708195 4.4179911695098877 3.5063586933708195 4.07531 3.8377073867416387 4.07531 3.8377073867416387 4.7606723390197754
PART 4.32598 0.1 4.9998551173019408 0.1 4.9998551173019408 0.25424236059188843 4.662917558650971 0.25424236059188843 4.662917558650971 0.40848472118377688 4.32598 0.40848472118377688 4.32598 0.1
PART 2.77999 1.15619 3.1044732038879395 1.15619 3.1044732038879395 1.4760473589324952 2.77999 1.4760473589324952 2.77999 1.15619
