SHEET 0 0 5.57538161597974 5.5753816159797394
HOLE 0.6690457939175688 0.66904579391756869 1.5611068524743272 0.66904579391756869 1.5611068524743272 1.561106852474327 0.6690457939175688 1.561106852474327 0.6690457939175688 0.66904579391756869
HOLE 2.508921727190883 3.0664598887888568 5.57538161597974 3.0664598887888568 5.57538161597974 5.5753816159797394 2.508921727190883 5.5753816159797394 2.508921727190883 3.0664598887888568
PART 2.5147728063489154 0.66904579391756869 2.5147728063489154 1.2939670084981045 1.6611068524743273 1.2939670084981045 1.6611068524743273 0.66904579391756869 2.5147728063489154 0.66904579391756869
PART 2.0961399581536364 3.0664598887888568 2.4089217271908829 3.0664598887888568 2.4089217271908829 3.3754396861521379 2.2525308426722597 3.3754396861521379 2.2525308426722597 3.6844194835154194 2.0961399581536364 3.6844194835154194 2.0961399581536364 3.0664598887888568
PART 0.6690457939175688 1.6611068524743271 1.3482344268826567 1.6611068524743271 1.3482344268826567 2.6047064163113784 0.6690457939175688 2.6047064163113784 0.6690457939175688 1.6611068524743271
PART 3.1586761810208515 0.66904579391756869 3.1586761810208515 1.2599792896775326 2.6147728063489155 1.2599792896775326 2.6147728063489155 0.66904579391756869 3.1586761810208515 0.66904579391756869
PART 1.6611068524743273 1.3939670084981046 2.3606045820141985 1.3939670084981046 2.3606045820141985 2.4177077054051481 1.6611068524743273 2.4177077054051481 1.6611068524743273 1.3939670084981046
PART 2.2302174883907195 0.20544249406138279 2.8012457209651824 0.20544249406138279 2.8012457209651824 0.56904579391756871 2.2302174883907195 0.56904579391756871 2.2302174883907195 0.20544249406138279
PART 0.12500878563204629 2.2901732283656946 0.56904579391756882 2.2901732283656946 0.56904579391756882 2.5707302468841426 0.34702728977480757 2.5707302468841426 0.34702728977480757 2.8512872654025903 0.12500878563204629 2.8512872654025903 0.12500878563204629 2.2901732283656946
PART 2.508921727190883 2.9664598887888567 2.508921727190883 2.4127666657892837 3.1836230244740555 2.4127666657892837 3.1836230244740555 2.9664598887888567 2.508921727190883 2.9664598887888567
PART 3.2586761810208515 1.3599792896775327 4.1843896486188132 1.3599792896775327 4.1843896486188132 2.1511557816533169 3.2586761810208515 2.1511557816533169 3.2586761810208515 1.3599792896775327
PART 0.94169394364634385 2.9512872654025903 0.94169394364634385 3.7958592432563654 0.12500878563204629 3.7958592432563654 0.12500878563204629 2.9512872654025903 0.94169394364634385 2.9512872654025903
PART 1.0416939436463439 3.8958592432563655 1.8632035373715485 3.8958592432563655 1.8632035373715485 4.548527159077441 1.0416939436463439 4.548527159077441 1.0416939436463439 3.8958592432563655
PART 0.61767370691576828 3.8958592432563655 0.61767370691576828 4.4992060023372522 0.12500878563204629 4.4992060023372522 0.12500878563204629 3.8958592432563655 0.61767370691576828 3.8958592432563655
PART 0.267530590203198 1.561106852474327 0.56904579391756882 1.561106852474327 0.56904579391756882 1.8039828308249664 0.41828819206038337 1.8039828308249664 0.41828819206038337 2.0468588091756059 0.267530590203198 2.0468588091756059 0.267530590203198 1.561106852474327
PART 0.12500878563204629 4.5992060023372519 0.60855875602045884 4.5992060023372519 0.60855875602045884 5.2910041826789724 0.12500878563204629 5.2910041826789724 0.12500878563204629 4.5992060023372519
PART 4.2843896486188129 1.3599792896775327 5.1724000551129539 1.3599792896775327 5.1724000551129539 1.8383062004117092 4.7283948518658834 1.8383062004117092 4.7283948518658834 2.3166331111458858 4.2843896486188129 2.3166331111458858 4.2843896486188129 1.3599792896775327
PART 4.2843896486188129 2.4166331111458859 5.2358826853657918 2.4166331111458859 5.2358826853657918 2.6403077720669827 4.7601361669923019 2.6403077720669827 4.7601361669923019 2.8639824329880796 4.2843896486188129 2.8639824329880796 4.2843896486188129 2.4166331111458859
PART 4.8763965862815732 1.2599792896775326 4.8763965862815732 0.49594348063746307 5.3462197083061094 0.49594348063746307 5.3462197083061094 1.2599792896775326 4.8763965862815732 1.2599792896775326
PART 3.8758184927528259 0.51259447326937535 4.3332205194061153 0.51259447326937535 4.3332205194061153 1.2599792896775326 3.8758184927528259 1.2599792896775326 3.8758184927528259 0.51259447326937535
PART 1.9546102701691712 5.4777579742496361 1.0416939436463439 5.4777579742496361 1.0416939436463439 5.0631425666635383 1.4981521069077575 5.0631425666635383 1.4981521069077575 4.6485271590774406 1.9546102701691712 4.6485271590774406 1.9546102701691712 5.4777579742496361
PART 1.4528818844822966 0.11352211823740813 1.4528818844822966 0.5690457939175686 0.6690457939175688 0.5690457939175686 0.6690457939175688 0.11352211823740813 1.4528818844822966 0.11352211823740813
PART 1.170588782429695 2.8614392459392537 2.0376915842294689 2.8614392459392537 2.0376915842294689 3.7720421135425557 1.170588782429695 3.7720421135425557 1.170588782429695 2.8614392459392537
PART 3.7572192328994629 0.20544249406138279 3.7572192328994629 0.800999098923596 3.3292324769323227 0.800999098923596 3.3292324769323227 0.50322079649248941 2.9012457209651825 0.50322079649248941 2.9012457209651825 0.20544249406138279 3.7572192328994629 0.20544249406138279
PART 2.6147728063489155 1.3599792896775327 2.9476675488377766 1.3599792896775327 2.9476675488377766 2.3132143675355037 2.6147728063489155 2.3132143675355037 2.6147728063489155 1.3599792896775327
PART 0.17558207184076333 1.0938274103403094 0.17558207184076333 0.11705471456050888 0.56576445370912576 0.11705471456050888 0.56576445370912576 1.0938274103403094 0.17558207184076333 1.0938274103403094
PART 3.2836230244740556 2.4127666657892837 4.1713232603177142 2.4127666657892837 4.1713232603177142 2.7728521948782578 3.2836230244740556 2.7728521948782578 3.2836230244740556 2.4127666657892837
PART 4.7440601059794476 0.095198530554771441 4.7440601059794476 1.2448150819540025 4.426731670796876 1.2448150819540025 4.426731670796876 0.095198530554771441 4.7440601059794476 0.095198530554771441
PART 2.137691584229469 3.8720421135425558 2.4174161463975903 3.8720421135425558 2.4174161463975903 4.1985454738140096 2.137691584229469 4.1985454738140096 2.137691584229469 3.8720421135425558
PART 1.5528818844822967 0.4376686750916563 1.5528818844822967 0.11352211823740824 2.03381868591586 0.11352211823740824 2.03381868591586 0.4376686750916563 1.5528818844822967 0.4376686750916563
