SHEET 0 0 5.57538161597974 5.5753816159797394
PART 0 0 1.4924139976501465 0 1.4924139976501465 1.0964406251907348 0 1.0964406251907348 0 0
PART 1.49241 0 2.9513812142944333 0 2.9513812142944333 0.38840103149414063 1.49241 0.38840103149414063 1.49241 0
PART 2.95138 0 3.9389611338424682 0 3.9389611338424682 1.45473210811615 2.95138 1.45473210811615 2.95138 0
PART 3.9389600000000002 0 4.7147401771163944 0 4.7147401771163944 1.4514254808425904 3.9389600000000002 1.4514254808425904 3.9389600000000002 0
PART 1.49241 0.3884 2.9383955318069459 0.3884 2.9383955318069459 1.3445932086944581 1.49241 1.3445932086944581 1.49241 0.3884
PART 4.71474 0 5.5020902969741821 0 5.5020902969741821 1.4433169841766358 4.71474 1.4433169841766358 4.71474 0
PART 0 1.09644 1.4148769855499268 1.09644 1.4148769855499268 1.7068935698890688 0.7074384927749634 1.7068935698890688 0.7074384927749634 2.3173471397781373 0 2.3173471397781373 0 1.09644
PART 1.4148800000000001 1.34459 2.8069153651046754 1.34459 2.8069153651046754 1.7795439518356324 1.4148800000000001 1.7795439518356324 1.4148800000000001 1.34459
PART 5.2621831140136717 1.45143 5.2621831140136717 1.8579530369567872 3.9389600000000002 1.8579530369567872 3.9389600000000002 1.45143 5.2621831140136717 1.45143
PART 2.80692 1.45473 3.8222401103210446 1.45473 3.8222401103210446 2.6948704380798341 2.80692 2.6948704380798341 2.80692 1.45473
PART 0.70744000000000007 1.70689 1.0259984545135499 1.70689 1.0259984545135499 2.9425962101364136 0.70744000000000007 2.9425962101364136 0.70744000000000007 1.70689
PART 1.026 1.70689 1.3738251457214354 1.70689 1.3738251457214354 2.8994514118576049 1.026 2.8994514118576049 1.026 1.70689
PART 1.3738299999999999 1.77954 2.5133582745361327 1.77954 2.5133582745361327 2.2057164764785764 1.9435941372680663 2.2057164764785764 1.9435941372680663 2.6318929529571529 1.3738299999999999 2.6318929529571529 1.3738299999999999 1.77954
PART 3.8222400000000003 1.85795 4.9326224615478518 1.85795 4.9326224615478518 2.3443143884658815 3.8222400000000003 2.3443143884658815 3.8222400000000003 1.85795
PART 3.8222400000000003 2.34431 4.9229544927978521 2.34431 4.9229544927978521 3.4326677346801757 3.8222400000000003 3.4326677346801757 3.8222400000000003 2.34431
PART 1.3738299999999999 2.63189 2.3256169472503663 2.63189 2.3256169472503663 3.6937748323822017 1.3738299999999999 3.6937748323822017 1.3738299999999999 2.63189
PART 5.4261192790222168 1.85795 5.4261192790222168 2.9060494939804076 4.93262 2.9060494939804076 4.93262 1.85795 5.4261192790222168 1.85795
PART 2.32562 3.1424072388076785 2.32562 2.2473400000000003 2.8046293064308165 2.2473400000000003 2.8046293064308165 2.6948736194038396 3.2836386128616333 2.6948736194038396 3.2836386128616333 3.1424072388076785 2.32562 3.1424072388076785
PART 1.4832579003842266E-16 3.3463346608734135 1.4832579003842266E-16 2.53886 0.4499547600746156 2.53886 0.4499547600746156 2.9425973304367066 0.899909520149231 2.9425973304367066 0.899909520149231 3.3463346608734135 1.4832579003842266E-16 3.3463346608734135
PART 2.32562 3.14241 3.1808205290985105 3.14241 3.1808205290985105 3.792423542175293 2.32562 3.792423542175293 2.32562 3.14241
PART 0.80796282291412358 3.34633 0.80796282291412358 3.9910720358657836 0 3.9910720358657836 0 3.34633 0.80796282291412358 3.34633
PART 5.2542973867416389 3.7753523390197756 4.5916000000000006 3.7753523390197756 4.5916000000000006 3.4326711695098879 4.9229486933708193 3.4326711695098879 4.9229486933708193 3.0899900000000002 5.2542973867416389 3.0899900000000002 5.2542973867416389 3.7753523390197756
PART 3.5921247211837763 2.69487 3.5921247211837763 3.3687451173019407 3.437882360591888 3.3687451173019407 3.437882360591888 3.0318075586509705 3.2836399999999997 3.0318075586509705 3.2836399999999997 2.69487 3.5921247211837763 2.69487
PART 1.9435900000000002 2.2057200000000003 2.2680732038879396 2.2057200000000003 2.2680732038879396 2.5255773589324955 1.9435900000000002 2.5255773589324955 1.9435900000000002 2.2057200000000003
